

==================================
     RECONSTRUCTED SPACE PACKET   
==================================
  Source Virtual Channel (VCID): 0
  Total Packet Size (Bytes)    : 390
----------------------------------
  0   66  192    1    1  127    1    1    1    1    1    1    1    1    1    1    1    1    1    1    1    1    1    1    1    1    1    1    1    1    1    1  
  1    1    1    1    1    1    1    1    1    1    1    1    1    1    1    1    1    1    1    1    1    1    1    1    1    1    1    1    1    1    1    1  
  1    1    1    1    1    1    1    1    1    1    1    1    1    1    1    1    1    1    1    1    1    1    1    1    1    1    1    1    1    1    1    1  
  1    1    1    1    1    1    1    1    1    1    1    1    1    1    1    1    1    1    1    1    1    1    1    1    1    1    1    1    1    1    1    1  
  1    1    1    1    1    1    1    1    1    1    1    1    1    1    1    1    1    1    1    1    1    1    1    1    1    1    1    1    1    1    1    1  
  1    1    1    1    1    1    1    1    1    1    1    1    1    1    1    1    1    1    1    1    1    1    1    1    1    1    1    1    1    1    1    1  
  1    1    1    1    1    1    1    1    1    1    1    1    1    1    1    1    1    1    1    1    1    1    1    1    1    1    1    1    1    1    1    1  
  1    1    1    1    1    1    1    1    1    1    1    1    1    1    1    1    1    1    1    1    1    1    1    1    1    1    1    1    1    1    1    1  
  1    1    1    1    1    1    1    1    1    1    1    1    1    1    1    1    1    1    1    1    1    1    1    1    1    1    1    1    1    1    1    1  
  1    1    1    1    1    1    1    1    1    1    1    1    1    1    1    1    1    1    1    1    1    1    1    1    1    1    1    1    1    1    1    1  
  1    1    1    1    1    1    1    1    1    1    1    1    1    1    1    1    1    1    1    1    1    1    1    1    1    1    1    1    1    1    1    1  
  1    1    1    1    1    1    1    1    1    1    1    1    1    1    1    1    1    1    1    1    1    1    1    1    1    1    1    1    1    1    1    1  
  1    1    1    1    1    1  
==================================


==================================
     RECONSTRUCTED SPACE PACKET   
==================================
  Source Virtual Channel (VCID): 0
  Total Packet Size (Bytes)    : 293
----------------------------------
  0   66  192    4    1   30    2    2    2    2    2    2    2    2    2    2    2    2    2    2    2    2    2    2    2    2    2    2    2    2    2    2  
  2    2    2    2    2    2    2    2    2    2    2    2    2    2    2    2    2    2    2    2    2    2    2    2    2    2    2    2    2    2    2    2  
  2    2    2    2    2    2    2    2    2    2    2    2    2    2    2    2    2    2    2    2    2    2    2    2    2    2    2    2    2    2    2    2  
  2    2    2    2    2    2    2    2    2    2    2    2    2    2    2    2    2    2    2    2    2    2    2    2    2    2    2    2    2    2    2    2  
  2    2    2    2    2    2    2    2    2    2    2    2    2    2    2    2    2    2    2    2    2    2    2    2    2    2    2    2    2    2    2    2  
  2    2    2    2    2    2    2    2    2    2    2    2    2    2    2    2    2    2    2    2    2    2    2    2    2    2    2    2    2    2    2    2  
  2    2    2    2    2    2    2    2    2    2    2    2    2    2    2    2    2    2    2    2    2    2    2    2    2    2    2    2    2    2    2    2  
  2    2    2    2    2    2    2    2    2    2    2    2    2    2    2    2    2    2    2    2    2    2    2    2    2    2    2    2    2    2    2    2  
  2    2    2    2    2    2    2    2    2    2    2    2    2    2    2    2    2    2    2    2    2    2    2    2    2    2    2    2    2    2    2    2  
  2    2    2    2    2  
==================================


==================================
     RECONSTRUCTED SPACE PACKET   
==================================
  Source Virtual Channel (VCID): 0
  Total Packet Size (Bytes)    : 385
----------------------------------
  0   66  192    7    1  122    3    3    3    3    3    3    3    3    3    3    3    3    3    3    3    3    3    3    3    3    3    3    3    3    3    3  
  3    3    3    3    3    3    3    3    3    3    3    3    3    3    3    3    3    3    3    3    3    3    3    3    3    3    3    3    3    3    3    3  
  3    3    3    3    3    3    3    3    3    3    3    3    3    3    3    3    3    3    3    3    3    3    3    3    3    3    3    3    3    3    3    3  
  3    3    3    3    3    3    3    3    3    3    3    3    3    3    3    3    3    3    3    3    3    3    3    3    3    3    3    3    3    3    3    3  
  3    3    3    3    3    3    3    3    3    3    3    3    3    3    3    3    3    3    3    3    3    3    3    3    3    3    3    3    3    3    3    3  
  3    3    3    3    3    3    3    3    3    3    3    3    3    3    3    3    3    3    3    3    3    3    3    3    3    3    3    3    3    3    3    3  
  3    3    3    3    3    3    3    3    3    3    3    3    3    3    3    3    3    3    3    3    3    3    3    3    3    3    3    3    3    3    3    3  
  3    3    3    3    3    3    3    3    3    3    3    3    3    3    3    3    3    3    3    3    3    3    3    3    3    3    3    3    3    3    3    3  
  3    3    3    3    3    3    3    3    3    3    3    3    3    3    3    3    3    3    3    3    3    3    3    3    3    3    3    3    3    3    3    3  
  3    3    3    3    3    3    3    3    3    3    3    3    3    3    3    3    3    3    3    3    3    3    3    3    3    3    3    3    3    3    3    3  
  3    3    3    3    3    3    3    3    3    3    3    3    3    3    3    3    3    3    3    3    3    3    3    3    3    3    3    3    3    3    3    3  
  3    3    3    3    3    3    3    3    3    3    3    3    3    3    3    3    3    3    3    3    3    3    3    3    3    3    3    3    3    3    3    3  
  3  
==================================


==================================
     RECONSTRUCTED SPACE PACKET   
==================================
  Source Virtual Channel (VCID): 0
  Total Packet Size (Bytes)    : 247
----------------------------------
  0   66  192   10    0  240    4    4    4    4    4    4    4    4    4    4    4    4    4    4    4    4    4    4    4    4    4    4    4    4    4    4  
  4    4    4    4    4    4    4    4    4    4    4    4    4    4    4    4    4    4    4    4    4    4    4    4    4    4    4    4    4    4    4    4  
  4    4    4    4    4    4    4    4    4    4    4    4    4    4    4    4    4    4    4    4    4    4    4    4    4    4    4    4    4    4    4    4  
  4    4    4    4    4    4    4    4    4    4    4    4    4    4    4    4    4    4    4    4    4    4    4    4    4    4    4    4    4    4    4    4  
  4    4    4    4    4    4    4    4    4    4    4    4    4    4    4    4    4    4    4    4    4    4    4    4    4    4    4    4    4    4    4    4  
  4    4    4    4    4    4    4    4    4    4    4    4    4    4    4    4    4    4    4    4    4    4    4    4    4    4    4    4    4    4    4    4  
  4    4    4    4    4    4    4    4    4    4    4    4    4    4    4    4    4    4    4    4    4    4    4    4    4    4    4    4    4    4    4    4  
  4    4    4    4    4    4    4    4    4    4    4    4    4    4    4    4    4    4    4    4    4    4    4  
==================================


==================================
     RECONSTRUCTED SPACE PACKET   
==================================
  Source Virtual Channel (VCID): 0
  Total Packet Size (Bytes)    : 271
----------------------------------
  0   66  192   13    1    8    5    5    5    5    5    5    5    5    5    5    5    5    5    5    5    5    5    5    5    5    5    5    5    5    5    5  
  5    5    5    5    5    5    5    5    5    5    5    5    5    5    5    5    5    5    5    5    5    5    5    5    5    5    5    5    5    5    5    5  
  5    5    5    5    5    5    5    5    5    5    5    5    5    5    5    5    5    5    5    5    5    5    5    5    5    5    5    5    5    5    5    5  
  5    5    5    5    5    5    5    5    5    5    5    5    5    5    5    5    5    5    5    5    5    5    5    5    5    5    5    5    5    5    5    5  
  5    5    5    5    5    5    5    5    5    5    5    5    5    5    5    5    5    5    5    5    5    5    5    5    5    5    5    5    5    5    5    5  
  5    5    5    5    5    5    5    5    5    5    5    5    5    5    5    5    5    5    5    5    5    5    5    5    5    5    5    5    5    5    5    5  
  5    5    5    5    5    5    5    5    5    5    5    5    5    5    5    5    5    5    5    5    5    5    5    5    5    5    5    5    5    5    5    5  
  5    5    5    5    5    5    5    5    5    5    5    5    5    5    5    5    5    5    5    5    5    5    5    5    5    5    5    5    5    5    5    5  
  5    5    5    5    5    5    5    5    5    5    5    5    5    5    5  
==================================


==================================
     RECONSTRUCTED SPACE PACKET   
==================================
  Source Virtual Channel (VCID): 0
  Total Packet Size (Bytes)    : 173
----------------------------------
  0   66  192   16    0  166    6    6    6    6    6    6    6    6    6    6    6    6    6    6    6    6    6    6    6    6    6    6    6    6    6    6  
  6    6    6    6    6    6    6    6    6    6    6    6    6    6    6    6    6    6    6    6    6    6    6    6    6    6    6    6    6    6    6    6  
  6    6    6    6    6    6    6    6    6    6    6    6    6    6    6    6    6    6    6    6    6    6    6    6    6    6    6    6    6    6    6    6  
  6    6    6    6    6    6    6    6    6    6    6    6    6    6    6    6    6    6    6    6    6    6    6    6    6    6    6    6    6    6    6    6  
  6    6    6    6    6    6    6    6    6    6    6    6    6    6    6    6    6    6    6    6    6    6    6    6    6    6    6    6    6    6    6    6  
  6    6    6    6    6    6    6    6    6    6    6    6    6  
==================================


==================================
     RECONSTRUCTED SPACE PACKET   
==================================
  Source Virtual Channel (VCID): 0
  Total Packet Size (Bytes)    : 220
----------------------------------
  0   66  192   19    0  213    7    7    7    7    7    7    7    7    7    7    7    7    7    7    7    7    7    7    7    7    7    7    7    7    7    7  
  7    7    7    7    7    7    7    7    7    7    7    7    7    7    7    7    7    7    7    7    7    7    7    7    7    7    7    7    7    7    7    7  
  7    7    7    7    7    7    7    7    7    7    7    7    7    7    7    7    7    7    7    7    7    7    7    7    7    7    7    7    7    7    7    7  
  7    7    7    7    7    7    7    7    7    7    7    7    7    7    7    7    7    7    7    7    7    7    7    7    7    7    7    7    7    7    7    7  
  7    7    7    7    7    7    7    7    7    7    7    7    7    7    7    7    7    7    7    7    7    7    7    7    7    7    7    7    7    7    7    7  
  7    7    7    7    7    7    7    7    7    7    7    7    7    7    7    7    7    7    7    7    7    7    7    7    7    7    7    7    7    7    7    7  
  7    7    7    7    7    7    7    7    7    7    7    7    7    7    7    7    7    7    7    7    7    7    7    7    7    7    7    7  
==================================


==================================
     RECONSTRUCTED SPACE PACKET   
==================================
  Source Virtual Channel (VCID): 2
  Total Packet Size (Bytes)    : 457
----------------------------------
  0   66  192    3    1  194   33   33   33   33   33   33   33   33   33   33   33   33   33   33   33   33   33   33   33   33   33   33   33   33   33   33  
 33   33   33   33   33   33   33   33   33   33   33   33   33   33   33   33   33   33   33   33   33   33   33   33   33   33   33   33   33   33   33   33  
 33   33   33   33   33   33   33   33   33   33   33   33   33   33   33   33   33   33   33   33   33   33   33   33   33   33   33   33   33   33   33   33  
 33   33   33   33   33   33   33   33   33   33   33   33   33   33   33   33   33   33   33   33   33   33   33   33   33   33   33   33   33   33   33   33  
 33   33   33   33   33   33   33   33   33   33   33   33   33   33   33   33   33   33   33   33   33   33   33   33   33   33   33   33   33   33   33   33  
 33   33   33   33   33   33   33   33   33   33   33   33   33   33   33   33   33   33   33   33   33   33   33   33   33   33   33   33   33   33   33   33  
 33   33   33   33   33   33   33   33   33   33   33   33   33   33   33   33   33   33   33   33   33   33   33   33   33   33   33   33   33   33   33   33  
 33   33   33   33   33   33   33   33   33   33   33   33   33   33   33   33   33   33   33   33   33   33   33   33   33   33   33   33   33   33   33   33  
 33   33   33   33   33   33   33   33   33   33   33   33   33   33   33   33   33   33   33   33   33   33   33   33   33   33   33   33   33   33   33   33  
 33   33   33   33   33   33   33   33   33   33   33   33   33   33   33   33   33   33   33   33   33   33   33   33   33   33   33   33   33   33   33   33  
 33   33   33   33   33   33   33   33   33   33   33   33   33   33   33   33   33   33   33   33   33   33   33   33   33   33   33   33   33   33   33   33  
 33   33   33   33   33   33   33   33   33   33   33   33   33   33   33   33   33   33   33   33   33   33   33   33   33   33   33   33   33   33   33   33  
 33   33   33   33   33   33   33   33   33   33   33   33   33   33   33   33   33   33   33   33   33   33   33   33   33   33   33   33   33   33   33   33  
 33   33   33   33   33   33   33   33   33   33   33   33   33   33   33   33   33   33   33   33   33   33   33   33   33   33   33   33   33   33   33   33  
 33   33   33   33   33   33   33   33   33  
==================================


==================================
     RECONSTRUCTED SPACE PACKET   
==================================
  Source Virtual Channel (VCID): 2
  Total Packet Size (Bytes)    : 237
----------------------------------
  0   66  192    6    0  230   34   34   34   34   34   34   34   34   34   34   34   34   34   34   34   34   34   34   34   34   34   34   34   34   34   34  
 34   34   34   34   34   34   34   34   34   34   34   34   34   34   34   34   34   34   34   34   34   34   34   34   34   34   34   34   34   34   34   34  
 34   34   34   34   34   34   34   34   34   34   34   34   34   34   34   34   34   34   34   34   34   34   34   34   34   34   34   34   34   34   34   34  
 34   34   34   34   34   34   34   34   34   34   34   34   34   34   34   34   34   34   34   34   34   34   34   34   34   34   34   34   34   34   34   34  
 34   34   34   34   34   34   34   34   34   34   34   34   34   34   34   34   34   34   34   34   34   34   34   34   34   34   34   34   34   34   34   34  
 34   34   34   34   34   34   34   34   34   34   34   34   34   34   34   34   34   34   34   34   34   34   34   34   34   34   34   34   34   34   34   34  
 34   34   34   34   34   34   34   34   34   34   34   34   34   34   34   34   34   34   34   34   34   34   34   34   34   34   34   34   34   34   34   34  
 34   34   34   34   34   34   34   34   34   34   34   34   34  
==================================


==================================
     RECONSTRUCTED SPACE PACKET   
==================================
  Source Virtual Channel (VCID): 2
  Total Packet Size (Bytes)    : 276
----------------------------------
  0   66  192    9    1   13   35   35   35   35   35   35   35   35   35   35   35   35   35   35   35   35   35   35   35   35   35   35   35   35   35   35  
 35   35   35   35   35   35   35   35   35   35   35   35   35   35   35   35   35   35   35   35   35   35   35   35   35   35   35   35   35   35   35   35  
 35   35   35   35   35   35   35   35   35   35   35   35   35   35   35   35   35   35   35   35   35   35   35   35   35   35   35   35   35   35   35   35  
 35   35   35   35   35   35   35   35   35   35   35   35   35   35   35   35   35   35   35   35   35   35   35   35   35   35   35   35   35   35   35   35  
 35   35   35   35   35   35   35   35   35   35   35   35   35   35   35   35   35   35   35   35   35   35   35   35   35   35   35   35   35   35   35   35  
 35   35   35   35   35   35   35   35   35   35   35   35   35   35   35   35   35   35   35   35   35   35   35   35   35   35   35   35   35   35   35   35  
 35   35   35   35   35   35   35   35   35   35   35   35   35   35   35   35   35   35   35   35   35   35   35   35   35   35   35   35   35   35   35   35  
 35   35   35   35   35   35   35   35   35   35   35   35   35   35   35   35   35   35   35   35   35   35   35   35   35   35   35   35   35   35   35   35  
 35   35   35   35   35   35   35   35   35   35   35   35   35   35   35   35   35   35   35   35  
==================================


==================================
     RECONSTRUCTED SPACE PACKET   
==================================
  Source Virtual Channel (VCID): 2
  Total Packet Size (Bytes)    : 499
----------------------------------
  0   66  192   12    1  236   36   36   36   36   36   36   36   36   36   36   36   36   36   36   36   36   36   36   36   36   36   36   36   36   36   36  
 36   36   36   36   36   36   36   36   36   36   36   36   36   36   36   36   36   36   36   36   36   36   36   36   36   36   36   36   36   36   36   36  
 36   36   36   36   36   36   36   36   36   36   36   36   36   36   36   36   36   36   36   36   36   36   36   36   36   36   36   36   36   36   36   36  
 36   36   36   36   36   36   36   36   36   36   36   36   36   36   36   36   36   36   36   36   36   36   36   36   36   36   36   36   36   36   36   36  
 36   36   36   36   36   36   36   36   36   36   36   36   36   36   36   36   36   36   36   36   36   36   36   36   36   36   36   36   36   36   36   36  
 36   36   36   36   36   36   36   36   36   36   36   36   36   36   36   36   36   36   36   36   36   36   36   36   36   36   36   36   36   36   36   36  
 36   36   36   36   36   36   36   36   36   36   36   36   36   36   36   36   36   36   36   36   36   36   36   36   36   36   36   36   36   36   36   36  
 36   36   36   36   36   36   36   36   36   36   36   36   36   36   36   36   36   36   36   36   36   36   36   36   36   36   36   36   36   36   36   36  
 36   36   36   36   36   36   36   36   36   36   36   36   36   36   36   36   36   36   36   36   36   36   36   36   36   36   36   36   36   36   36   36  
 36   36   36   36   36   36   36   36   36   36   36   36   36   36   36   36   36   36   36   36   36   36   36   36   36   36   36   36   36   36   36   36  
 36   36   36   36   36   36   36   36   36   36   36   36   36   36   36   36   36   36   36   36   36   36   36   36   36   36   36   36   36   36   36   36  
 36   36   36   36   36   36   36   36   36   36   36   36   36   36   36   36   36   36   36   36   36   36   36   36   36   36   36   36   36   36   36   36  
 36   36   36   36   36   36   36   36   36   36   36   36   36   36   36   36   36   36   36   36   36   36   36   36   36   36   36   36   36   36   36   36  
 36   36   36   36   36   36   36   36   36   36   36   36   36   36   36   36   36   36   36   36   36   36   36   36   36   36   36   36   36   36   36   36  
 36   36   36   36   36   36   36   36   36   36   36   36   36   36   36   36   36   36   36   36   36   36   36   36   36   36   36   36   36   36   36   36  
 36   36   36   36   36   36   36   36   36   36   36   36   36   36   36   36   36   36   36  
==================================


==================================
     RECONSTRUCTED SPACE PACKET   
==================================
  Source Virtual Channel (VCID): 2
  Total Packet Size (Bytes)    : 377
----------------------------------
  0   66  192   15    1  114   37   37   37   37   37   37   37   37   37   37   37   37   37   37   37   37   37   37   37   37   37   37   37   37   37   37  
 37   37   37   37   37   37   37   37   37   37   37   37   37   37   37   37   37   37   37   37   37   37   37   37   37   37   37   37   37   37   37   37  
 37   37   37   37   37   37   37   37   37   37   37   37   37   37   37   37   37   37   37   37   37   37   37   37   37   37   37   37   37   37   37   37  
 37   37   37   37   37   37   37   37   37   37   37   37   37   37   37   37   37   37   37   37   37   37   37   37   37   37   37   37   37   37   37   37  
 37   37   37   37   37   37   37   37   37   37   37   37   37   37   37   37   37   37   37   37   37   37   37   37   37   37   37   37   37   37   37   37  
 37   37   37   37   37   37   37   37   37   37   37   37   37   37   37   37   37   37   37   37   37   37   37   37   37   37   37   37   37   37   37   37  
 37   37   37   37   37   37   37   37   37   37   37   37   37   37   37   37   37   37   37   37   37   37   37   37   37   37   37   37   37   37   37   37  
 37   37   37   37   37   37   37   37   37   37   37   37   37   37   37   37   37   37   37   37   37   37   37   37   37   37   37   37   37   37   37   37  
 37   37   37   37   37   37   37   37   37   37   37   37   37   37   37   37   37   37   37   37   37   37   37   37   37   37   37   37   37   37   37   37  
 37   37   37   37   37   37   37   37   37   37   37   37   37   37   37   37   37   37   37   37   37   37   37   37   37   37   37   37   37   37   37   37  
 37   37   37   37   37   37   37   37   37   37   37   37   37   37   37   37   37   37   37   37   37   37   37   37   37   37   37   37   37   37   37   37  
 37   37   37   37   37   37   37   37   37   37   37   37   37   37   37   37   37   37   37   37   37   37   37   37   37  
==================================


==================================
     RECONSTRUCTED SPACE PACKET   
==================================
  Source Virtual Channel (VCID): 2
  Total Packet Size (Bytes)    : 439
----------------------------------
  0   66  192   18    1  176   38   38   38   38   38   38   38   38   38   38   38   38   38   38   38   38   38   38   38   38   38   38   38   38   38   38  
 38   38   38   38   38   38   38   38   38   38   38   38   38   38   38   38   38   38   38   38   38   38   38   38   38   38   38   38   38   38   38   38  
 38   38   38   38   38   38   38   38   38   38   38   38   38   38   38   38   38   38   38   38   38   38   38   38   38   38   38   38   38   38   38   38  
 38   38   38   38   38   38   38   38   38   38   38   38   38   38   38   38   38   38   38   38   38   38   38   38   38   38   38   38   38   38   38   38  
 38   38   38   38   38   38   38   38   38   38   38   38   38   38   38   38   38   38   38   38   38   38   38   38   38   38   38   38   38   38   38   38  
 38   38   38   38   38   38   38   38   38   38   38   38   38   38   38   38   38   38   38   38   38   38   38   38   38   38   38   38   38   38   38   38  
 38   38   38   38   38   38   38   38   38   38   38   38   38   38   38   38   38   38   38   38   38   38   38   38   38   38   38   38   38   38   38   38  
 38   38   38   38   38   38   38   38   38   38   38   38   38   38   38   38   38   38   38   38   38   38   38   38   38   38   38   38   38   38   38   38  
 38   38   38   38   38   38   38   38   38   38   38   38   38   38   38   38   38   38   38   38   38   38   38   38   38   38   38   38   38   38   38   38  
 38   38   38   38   38   38   38   38   38   38   38   38   38   38   38   38   38   38   38   38   38   38   38   38   38   38   38   38   38   38   38   38  
 38   38   38   38   38   38   38   38   38   38   38   38   38   38   38   38   38   38   38   38   38   38   38   38   38   38   38   38   38   38   38   38  
 38   38   38   38   38   38   38   38   38   38   38   38   38   38   38   38   38   38   38   38   38   38   38   38   38   38   38   38   38   38   38   38  
 38   38   38   38   38   38   38   38   38   38   38   38   38   38   38   38   38   38   38   38   38   38   38   38   38   38   38   38   38   38   38   38  
 38   38   38   38   38   38   38   38   38   38   38   38   38   38   38   38   38   38   38   38   38   38   38  
==================================


==================================
     RECONSTRUCTED SPACE PACKET   
==================================
  Source Virtual Channel (VCID): 2
  Total Packet Size (Bytes)    : 361
----------------------------------
  0   66  192   21    1   98   39   39   39   39   39   39   39   39   39   39   39   39   39   39   39   39   39   39   39   39   39   39   39   39   39   39  
 39   39   39   39   39   39   39   39   39   39   39   39   39   39   39   39   39   39   39   39   39   39   39   39   39   39   39   39   39   39   39   39  
 39   39   39   39   39   39   39   39   39   39   39   39   39   39   39   39   39   39   39   39   39   39   39   39   39   39   39   39   39   39   39   39  
 39   39   39   39   39   39   39   39   39   39   39   39   39   39   39   39   39   39   39   39   39   39   39   39   39   39   39   39   39   39   39   39  
 39   39   39   39   39   39   39   39   39   39   39   39   39   39   39   39   39   39   39   39   39   39   39   39   39   39   39   39   39   39   39   39  
 39   39   39   39   39   39   39   39   39   39   39   39   39   39   39   39   39   39   39   39   39   39   39   39   39   39   39   39   39   39   39   39  
 39   39   39   39   39   39   39   39   39   39   39   39   39   39   39   39   39   39   39   39   39   39   39   39   39   39   39   39   39   39   39   39  
 39   39   39   39   39   39   39   39   39   39   39   39   39   39   39   39   39   39   39   39   39   39   39   39   39   39   39   39   39   39   39   39  
 39   39   39   39   39   39   39   39   39   39   39   39   39   39   39   39   39   39   39   39   39   39   39   39   39   39   39   39   39   39   39   39  
 39   39   39   39   39   39   39   39   39   39   39   39   39   39   39   39   39   39   39   39   39   39   39   39   39   39   39   39   39   39   39   39  
 39   39   39   39   39   39   39   39   39   39   39   39   39   39   39   39   39   39   39   39   39   39   39   39   39   39   39   39   39   39   39   39  
 39   39   39   39   39   39   39   39   39  
==================================


==================================
     RECONSTRUCTED SPACE PACKET   
==================================
  Source Virtual Channel (VCID): 1
  Total Packet Size (Bytes)    : 56
----------------------------------
  0   66  192    2    0   49   17   17   17   17   17   17   17   17   17   17   17   17   17   17   17   17   17   17   17   17   17   17   17   17   17   17  
 17   17   17   17   17   17   17   17   17   17   17   17   17   17   17   17   17   17   17   17   17   17   17   17  
==================================


==================================
     RECONSTRUCTED SPACE PACKET   
==================================
  Source Virtual Channel (VCID): 1
  Total Packet Size (Bytes)    : 49
----------------------------------
  0   66  192    5    0   42   18   18   18   18   18   18   18   18   18   18   18   18   18   18   18   18   18   18   18   18   18   18   18   18   18   18  
 18   18   18   18   18   18   18   18   18   18   18   18   18   18   18   18   18  
==================================


==================================
     RECONSTRUCTED SPACE PACKET   
==================================
  Source Virtual Channel (VCID): 1
  Total Packet Size (Bytes)    : 71
----------------------------------
  0   66  192    8    0   64   19   19   19   19   19   19   19   19   19   19   19   19   19   19   19   19   19   19   19   19   19   19   19   19   19   19  
 19   19   19   19   19   19   19   19   19   19   19   19   19   19   19   19   19   19   19   19   19   19   19   19   19   19   19   19   19   19   19   19  
 19   19   19   19   19   19   19  
==================================


==================================
     RECONSTRUCTED SPACE PACKET   
==================================
  Source Virtual Channel (VCID): 1
  Total Packet Size (Bytes)    : 65
----------------------------------
  0   66  192   11    0   58   20   20   20   20   20   20   20   20   20   20   20   20   20   20   20   20   20   20   20   20   20   20   20   20   20   20  
 20   20   20   20   20   20   20   20   20   20   20   20   20   20   20   20   20   20   20   20   20   20   20   20   20   20   20   20   20   20   20   20  
 20  
==================================


==================================
     RECONSTRUCTED SPACE PACKET   
==================================
  Source Virtual Channel (VCID): 1
  Total Packet Size (Bytes)    : 74
----------------------------------
  0   66  192   14    0   67   21   21   21   21   21   21   21   21   21   21   21   21   21   21   21   21   21   21   21   21   21   21   21   21   21   21  
 21   21   21   21   21   21   21   21   21   21   21   21   21   21   21   21   21   21   21   21   21   21   21   21   21   21   21   21   21   21   21   21  
 21   21   21   21   21   21   21   21   21   21  
==================================


==================================
     RECONSTRUCTED SPACE PACKET   
==================================
  Source Virtual Channel (VCID): 1
  Total Packet Size (Bytes)    : 35
----------------------------------
  0   66  192   17    0   28   22   22   22   22   22   22   22   22   22   22   22   22   22   22   22   22   22   22   22   22   22   22   22   22   22   22  
 22   22   22  
==================================


==================================
     RECONSTRUCTED SPACE PACKET   
==================================
  Source Virtual Channel (VCID): 1
  Total Packet Size (Bytes)    : 49
----------------------------------
  0   66  192   20    0   42   23   23   23   23   23   23   23   23   23   23   23   23   23   23   23   23   23   23   23   23   23   23   23   23   23   23  
 23   23   23   23   23   23   23   23   23   23   23   23   23   23   23   23   23  
==================================


==================================
     RECONSTRUCTED SPACE PACKET   
==================================
  Source Virtual Channel (VCID): 1
  Total Packet Size (Bytes)    : 27
----------------------------------
  0   66  192   23    0   20   24   24   24   24   24   24   24   24   24   24   24   24   24   24   24   24   24   24   24   24   24  
==================================


==================================
     RECONSTRUCTED SPACE PACKET   
==================================
  Source Virtual Channel (VCID): 1
  Total Packet Size (Bytes)    : 45
----------------------------------
  0   66  192   26    0   38   25   25   25   25   25   25   25   25   25   25   25   25   25   25   25   25   25   25   25   25   25   25   25   25   25   25  
 25   25   25   25   25   25   25   25   25   25   25   25   25  
==================================


==================================
     RECONSTRUCTED SPACE PACKET   
==================================
  Source Virtual Channel (VCID): 1
  Total Packet Size (Bytes)    : 21
----------------------------------
  0   66  192   29    0   14   26   26   26   26   26   26   26   26   26   26   26   26   26   26   26  
==================================


==================================
     RECONSTRUCTED SPACE PACKET   
==================================
  Source Virtual Channel (VCID): 1
  Total Packet Size (Bytes)    : 66
----------------------------------
  0   66  192   32    0   59   27   27   27   27   27   27   27   27   27   27   27   27   27   27   27   27   27   27   27   27   27   27   27   27   27   27  
 27   27   27   27   27   27   27   27   27   27   27   27   27   27   27   27   27   27   27   27   27   27   27   27   27   27   27   27   27   27   27   27  
 27   27  
==================================


==================================
     RECONSTRUCTED SPACE PACKET   
==================================
  Source Virtual Channel (VCID): 0
  Total Packet Size (Bytes)    : 201
----------------------------------
  0   66  192   22    0  194    8    8    8    8    8    8    8    8    8    8    8    8    8    8    8    8    8    8    8    8    8    8    8    8    8    8  
  8    8    8    8    8    8    8    8    8    8    8    8    8    8    8    8    8    8    8    8    8    8    8    8    8    8    8    8    8    8    8    8  
  8    8    8    8    8    8    8    8    8    8    8    8    8    8    8    8    8    8    8    8    8    8    8    8    8    8    8    8    8    8    8    8  
  8    8    8    8    8    8    8    8    8    8    8    8    8    8    8    8    8    8    8    8    8    8    8    8    8    8    8    8    8    8    8    8  
  8    8    8    8    8    8    8    8    8    8    8    8    8    8    8    8    8    8    8    8    8    8    8    8    8    8    8    8    8    8    8    8  
  8    8    8    8    8    8    8    8    8    8    8    8    8    8    8    8    8    8    8    8    8    8    8    8    8    8    8    8    8    8    8    8  
  8    8    8    8    8    8    8    8    8  
==================================


==================================
     RECONSTRUCTED SPACE PACKET   
==================================
  Source Virtual Channel (VCID): 0
  Total Packet Size (Bytes)    : 96
----------------------------------
  0   66  192   25    0   89    9    9    9    9    9    9    9    9    9    9    9    9    9    9    9    9    9    9    9    9    9    9    9    9    9    9  
  9    9    9    9    9    9    9    9    9    9    9    9    9    9    9    9    9    9    9    9    9    9    9    9    9    9    9    9    9    9    9    9  
  9    9    9    9    9    9    9    9    9    9    9    9    9    9    9    9    9    9    9    9    9    9    9    9    9    9    9    9    9    9    9    9  
==================================


==================================
     RECONSTRUCTED SPACE PACKET   
==================================
  Source Virtual Channel (VCID): 0
  Total Packet Size (Bytes)    : 78
----------------------------------
  0   66  192   28    0   71   10   10   10   10   10   10   10   10   10   10   10   10   10   10   10   10   10   10   10   10   10   10   10   10   10   10  
 10   10   10   10   10   10   10   10   10   10   10   10   10   10   10   10   10   10   10   10   10   10   10   10   10   10   10   10   10   10   10   10  
 10   10   10   10   10   10   10   10   10   10   10   10   10   10  
==================================


==================================
     RECONSTRUCTED SPACE PACKET   
==================================
  Source Virtual Channel (VCID): 0
  Total Packet Size (Bytes)    : 472
----------------------------------
  0   66  192   31    1  209   11   11   11   11   11   11   11   11   11   11   11   11   11   11   11   11   11   11   11   11   11   11   11   11   11   11  
 11   11   11   11   11   11   11   11   11   11   11   11   11   11   11   11   11   11   11   11   11   11   11   11   11   11   11   11   11   11   11   11  
 11   11   11   11   11   11   11   11   11   11   11   11   11   11   11   11   11   11   11   11   11   11   11   11   11   11   11   11   11   11   11   11  
 11   11   11   11   11   11   11   11   11   11   11   11   11   11   11   11   11   11   11   11   11   11   11   11   11   11   11   11   11   11   11   11  
 11   11   11   11   11   11   11   11   11   11   11   11   11   11   11   11   11   11   11   11   11   11   11   11   11   11   11   11   11   11   11   11  
 11   11   11   11   11   11   11   11   11   11   11   11   11   11   11   11   11   11   11   11   11   11   11   11   11   11   11   11   11   11   11   11  
 11   11   11   11   11   11   11   11   11   11   11   11   11   11   11   11   11   11   11   11   11   11   11   11   11   11   11   11   11   11   11   11  
 11   11   11   11   11   11   11   11   11   11   11   11   11   11   11   11   11   11   11   11   11   11   11   11   11   11   11   11   11   11   11   11  
 11   11   11   11   11   11   11   11   11   11   11   11   11   11   11   11   11   11   11   11   11   11   11   11   11   11   11   11   11   11   11   11  
 11   11   11   11   11   11   11   11   11   11   11   11   11   11   11   11   11   11   11   11   11   11   11   11   11   11   11   11   11   11   11   11  
 11   11   11   11   11   11   11   11   11   11   11   11   11   11   11   11   11   11   11   11   11   11   11   11   11   11   11   11   11   11   11   11  
 11   11   11   11   11   11   11   11   11   11   11   11   11   11   11   11   11   11   11   11   11   11   11   11   11   11   11   11   11   11   11   11  
 11   11   11   11   11   11   11   11   11   11   11   11   11   11   11   11   11   11   11   11   11   11   11   11   11   11   11   11   11   11   11   11  
 11   11   11   11   11   11   11   11   11   11   11   11   11   11   11   11   11   11   11   11   11   11   11   11   11   11   11   11   11   11   11   11  
 11   11   11   11   11   11   11   11   11   11   11   11   11   11   11   11   11   11   11   11   11   11   11   11  
==================================


==================================
     RECONSTRUCTED SPACE PACKET   
==================================
  Source Virtual Channel (VCID): 0
  Total Packet Size (Bytes)    : 151
----------------------------------
  0   66  192   34    0  144   12   12   12   12   12   12   12   12   12   12   12   12   12   12   12   12   12   12   12   12   12   12   12   12   12   12  
 12   12   12   12   12   12   12   12   12   12   12   12   12   12   12   12   12   12   12   12   12   12   12   12   12   12   12   12   12   12   12   12  
 12   12   12   12   12   12   12   12   12   12   12   12   12   12   12   12   12   12   12   12   12   12   12   12   12   12   12   12   12   12   12   12  
 12   12   12   12   12   12   12   12   12   12   12   12   12   12   12   12   12   12   12   12   12   12   12   12   12   12   12   12   12   12   12   12  
 12   12   12   12   12   12   12   12   12   12   12   12   12   12   12   12   12   12   12   12   12   12   12  
==================================


==================================
     RECONSTRUCTED SPACE PACKET   
==================================
  Source Virtual Channel (VCID): 0
  Total Packet Size (Bytes)    : 468
----------------------------------
  0   66  192   37    1  205   13   13   13   13   13   13   13   13   13   13   13   13   13   13   13   13   13   13   13   13   13   13   13   13   13   13  
 13   13   13   13   13   13   13   13   13   13   13   13   13   13   13   13   13   13   13   13   13   13   13   13   13   13   13   13   13   13   13   13  
 13   13   13   13   13   13   13   13   13   13   13   13   13   13   13   13   13   13   13   13   13   13   13   13   13   13   13   13   13   13   13   13  
 13   13   13   13   13   13   13   13   13   13   13   13   13   13   13   13   13   13   13   13   13   13   13   13   13   13   13   13   13   13   13   13  
 13   13   13   13   13   13   13   13   13   13   13   13   13   13   13   13   13   13   13   13   13   13   13   13   13   13   13   13   13   13   13   13  
 13   13   13   13   13   13   13   13   13   13   13   13   13   13   13   13   13   13   13   13   13   13   13   13   13   13   13   13   13   13   13   13  
 13   13   13   13   13   13   13   13   13   13   13   13   13   13   13   13   13   13   13   13   13   13   13   13   13   13   13   13   13   13   13   13  
 13   13   13   13   13   13   13   13   13   13   13   13   13   13   13   13   13   13   13   13   13   13   13   13   13   13   13   13   13   13   13   13  
 13   13   13   13   13   13   13   13   13   13   13   13   13   13   13   13   13   13   13   13   13   13   13   13   13   13   13   13   13   13   13   13  
 13   13   13   13   13   13   13   13   13   13   13   13   13   13   13   13   13   13   13   13   13   13   13   13   13   13   13   13   13   13   13   13  
 13   13   13   13   13   13   13   13   13   13   13   13   13   13   13   13   13   13   13   13   13   13   13   13   13   13   13   13   13   13   13   13  
 13   13   13   13   13   13   13   13   13   13   13   13   13   13   13   13   13   13   13   13   13   13   13   13   13   13   13   13   13   13   13   13  
 13   13   13   13   13   13   13   13   13   13   13   13   13   13   13   13   13   13   13   13   13   13   13   13   13   13   13   13   13   13   13   13  
 13   13   13   13   13   13   13   13   13   13   13   13   13   13   13   13   13   13   13   13   13   13   13   13   13   13   13   13   13   13   13   13  
 13   13   13   13   13   13   13   13   13   13   13   13   13   13   13   13   13   13   13   13  
==================================


==================================
     RECONSTRUCTED SPACE PACKET   
==================================
  Source Virtual Channel (VCID): 0
  Total Packet Size (Bytes)    : 159
----------------------------------
  0   66  192   40    0  152   14   14   14   14   14   14   14   14   14   14   14   14   14   14   14   14   14   14   14   14   14   14   14   14   14   14  
 14   14   14   14   14   14   14   14   14   14   14   14   14   14   14   14   14   14   14   14   14   14   14   14   14   14   14   14   14   14   14   14  
 14   14   14   14   14   14   14   14   14   14   14   14   14   14   14   14   14   14   14   14   14   14   14   14   14   14   14   14   14   14   14   14  
 14   14   14   14   14   14   14   14   14   14   14   14   14   14   14   14   14   14   14   14   14   14   14   14   14   14   14   14   14   14   14   14  
 14   14   14   14   14   14   14   14   14   14   14   14   14   14   14   14   14   14   14   14   14   14   14   14   14   14   14   14   14   14   14  
==================================


==================================
     RECONSTRUCTED SPACE PACKET   
==================================
  Source Virtual Channel (VCID): 0
  Total Packet Size (Bytes)    : 445
----------------------------------
  0   66  192   43    1  182   15   15   15   15   15   15   15   15   15   15   15   15   15   15   15   15   15   15   15   15   15   15   15   15   15   15  
 15   15   15   15   15   15   15   15   15   15   15   15   15   15   15   15   15   15   15   15   15   15   15   15   15   15   15   15   15   15   15   15  
 15   15   15   15   15   15   15   15   15   15   15   15   15   15   15   15   15   15   15   15   15   15   15   15   15   15   15   15   15   15   15   15  
 15   15   15   15   15   15   15   15   15   15   15   15   15   15   15   15   15   15   15   15   15   15   15   15   15   15   15   15   15   15   15   15  
 15   15   15   15   15   15   15   15   15   15   15   15   15   15   15   15   15   15   15   15   15   15   15   15   15   15   15   15   15   15   15   15  
 15   15   15   15   15   15   15   15   15   15   15   15   15   15   15   15   15   15   15   15   15   15   15   15   15   15   15   15   15   15   15   15  
 15   15   15   15   15   15   15   15   15   15   15   15   15   15   15   15   15   15   15   15   15   15   15   15   15   15   15   15   15   15   15   15  
 15   15   15   15   15   15   15   15   15   15   15   15   15   15   15   15   15   15   15   15   15   15   15   15   15   15   15   15   15   15   15   15  
 15   15   15   15   15   15   15   15   15   15   15   15   15   15   15   15   15   15   15   15   15   15   15   15   15   15   15   15   15   15   15   15  
 15   15   15   15   15   15   15   15   15   15   15   15   15   15   15   15   15   15   15   15   15   15   15   15   15   15   15   15   15   15   15   15  
 15   15   15   15   15   15   15   15   15   15   15   15   15   15   15   15   15   15   15   15   15   15   15   15   15   15   15   15   15   15   15   15  
 15   15   15   15   15   15   15   15   15   15   15   15   15   15   15   15   15   15   15   15   15   15   15   15   15   15   15   15   15   15   15   15  
 15   15   15   15   15   15   15   15   15   15   15   15   15   15   15   15   15   15   15   15   15   15   15   15   15   15   15   15   15   15   15   15  
 15   15   15   15   15   15   15   15   15   15   15   15   15   15   15   15   15   15   15   15   15   15   15   15   15   15   15   15   15  
==================================


==================================
     RECONSTRUCTED SPACE PACKET   
==================================
  Source Virtual Channel (VCID): 2
  Total Packet Size (Bytes)    : 462
----------------------------------
  0   66  192   24    1  199   40   40   40   40   40   40   40   40   40   40   40   40   40   40   40   40   40   40   40   40   40   40   40   40   40   40  
 40   40   40   40   40   40   40   40   40   40   40   40   40   40   40   40   40   40   40   40   40   40   40   40   40   40   40   40   40   40   40   40  
 40   40   40   40   40   40   40   40   40   40   40   40   40   40   40   40   40   40   40   40   40   40   40   40   40   40   40   40   40   40   40   40  
 40   40   40   40   40   40   40   40   40   40   40   40   40   40   40   40   40   40   40   40   40   40   40   40   40   40   40   40   40   40   40   40  
 40   40   40   40   40   40   40   40   40   40   40   40   40   40   40   40   40   40   40   40   40   40   40   40   40   40   40   40   40   40   40   40  
 40   40   40   40   40   40   40   40   40   40   40   40   40   40   40   40   40   40   40   40   40   40   40   40   40   40   40   40   40   40   40   40  
 40   40   40   40   40   40   40   40   40   40   40   40   40   40   40   40   40   40   40   40   40   40   40   40   40   40   40   40   40   40   40   40  
 40   40   40   40   40   40   40   40   40   40   40   40   40   40   40   40   40   40   40   40   40   40   40   40   40   40   40   40   40   40   40   40  
 40   40   40   40   40   40   40   40   40   40   40   40   40   40   40   40   40   40   40   40   40   40   40   40   40   40   40   40   40   40   40   40  
 40   40   40   40   40   40   40   40   40   40   40   40   40   40   40   40   40   40   40   40   40   40   40   40   40   40   40   40   40   40   40   40  
 40   40   40   40   40   40   40   40   40   40   40   40   40   40   40   40   40   40   40   40   40   40   40   40   40   40   40   40   40   40   40   40  
 40   40   40   40   40   40   40   40   40   40   40   40   40   40   40   40   40   40   40   40   40   40   40   40   40   40   40   40   40   40   40   40  
 40   40   40   40   40   40   40   40   40   40   40   40   40   40   40   40   40   40   40   40   40   40   40   40   40   40   40   40   40   40   40   40  
 40   40   40   40   40   40   40   40   40   40   40   40   40   40   40   40   40   40   40   40   40   40   40   40   40   40   40   40   40   40   40   40  
 40   40   40   40   40   40   40   40   40   40   40   40   40   40  
==================================


==================================
     RECONSTRUCTED SPACE PACKET   
==================================
  Source Virtual Channel (VCID): 2
  Total Packet Size (Bytes)    : 139
----------------------------------
  0   66  192   27    0  132   41   41   41   41   41   41   41   41   41   41   41   41   41   41   41   41   41   41   41   41   41   41   41   41   41   41  
 41   41   41   41   41   41   41   41   41   41   41   41   41   41   41   41   41   41   41   41   41   41   41   41   41   41   41   41   41   41   41   41  
 41   41   41   41   41   41   41   41   41   41   41   41   41   41   41   41   41   41   41   41   41   41   41   41   41   41   41   41   41   41   41   41  
 41   41   41   41   41   41   41   41   41   41   41   41   41   41   41   41   41   41   41   41   41   41   41   41   41   41   41   41   41   41   41   41  
 41   41   41   41   41   41   41   41   41   41   41  
==================================


==================================
     RECONSTRUCTED SPACE PACKET   
==================================
  Source Virtual Channel (VCID): 2
  Total Packet Size (Bytes)    : 338
----------------------------------
  0   66  192   30    1   75   42   42   42   42   42   42   42   42   42   42   42   42   42   42   42   42   42   42   42   42   42   42   42   42   42   42  
 42   42   42   42   42   42   42   42   42   42   42   42   42   42   42   42   42   42   42   42   42   42   42   42   42   42   42   42   42   42   42   42  
 42   42   42   42   42   42   42   42   42   42   42   42   42   42   42   42   42   42   42   42   42   42   42   42   42   42   42   42   42   42   42   42  
 42   42   42   42   42   42   42   42   42   42   42   42   42   42   42   42   42   42   42   42   42   42   42   42   42   42   42   42   42   42   42   42  
 42   42   42   42   42   42   42   42   42   42   42   42   42   42   42   42   42   42   42   42   42   42   42   42   42   42   42   42   42   42   42   42  
 42   42   42   42   42   42   42   42   42   42   42   42   42   42   42   42   42   42   42   42   42   42   42   42   42   42   42   42   42   42   42   42  
 42   42   42   42   42   42   42   42   42   42   42   42   42   42   42   42   42   42   42   42   42   42   42   42   42   42   42   42   42   42   42   42  
 42   42   42   42   42   42   42   42   42   42   42   42   42   42   42   42   42   42   42   42   42   42   42   42   42   42   42   42   42   42   42   42  
 42   42   42   42   42   42   42   42   42   42   42   42   42   42   42   42   42   42   42   42   42   42   42   42   42   42   42   42   42   42   42   42  
 42   42   42   42   42   42   42   42   42   42   42   42   42   42   42   42   42   42   42   42   42   42   42   42   42   42   42   42   42   42   42   42  
 42   42   42   42   42   42   42   42   42   42   42   42   42   42   42   42   42   42  
==================================


==================================
     RECONSTRUCTED SPACE PACKET   
==================================
  Source Virtual Channel (VCID): 2
  Total Packet Size (Bytes)    : 385
----------------------------------
  0   66  192   33    1  122   43   43   43   43   43   43   43   43   43   43   43   43   43   43   43   43   43   43   43   43   43   43   43   43   43   43  
 43   43   43   43   43   43   43   43   43   43   43   43   43   43   43   43   43   43   43   43   43   43   43   43   43   43   43   43   43   43   43   43  
 43   43   43   43   43   43   43   43   43   43   43   43   43   43   43   43   43   43   43   43   43   43   43   43   43   43   43   43   43   43   43   43  
 43   43   43   43   43   43   43   43   43   43   43   43   43   43   43   43   43   43   43   43   43   43   43   43   43   43   43   43   43   43   43   43  
 43   43   43   43   43   43   43   43   43   43   43   43   43   43   43   43   43   43   43   43   43   43   43   43   43   43   43   43   43   43   43   43  
 43   43   43   43   43   43   43   43   43   43   43   43   43   43   43   43   43   43   43   43   43   43   43   43   43   43   43   43   43   43   43   43  
 43   43   43   43   43   43   43   43   43   43   43   43   43   43   43   43   43   43   43   43   43   43   43   43   43   43   43   43   43   43   43   43  
 43   43   43   43   43   43   43   43   43   43   43   43   43   43   43   43   43   43   43   43   43   43   43   43   43   43   43   43   43   43   43   43  
 43   43   43   43   43   43   43   43   43   43   43   43   43   43   43   43   43   43   43   43   43   43   43   43   43   43   43   43   43   43   43   43  
 43   43   43   43   43   43   43   43   43   43   43   43   43   43   43   43   43   43   43   43   43   43   43   43   43   43   43   43   43   43   43   43  
 43   43   43   43   43   43   43   43   43   43   43   43   43   43   43   43   43   43   43   43   43   43   43   43   43   43   43   43   43   43   43   43  
 43   43   43   43   43   43   43   43   43   43   43   43   43   43   43   43   43   43   43   43   43   43   43   43   43   43   43   43   43   43   43   43  
 43  
==================================


==================================
     RECONSTRUCTED SPACE PACKET   
==================================
  Source Virtual Channel (VCID): 1
  Total Packet Size (Bytes)    : 52
----------------------------------
  0   66  192   35    0   45   28   28   28   28   28   28   28   28   28   28   28   28   28   28   28   28   28   28   28   28   28   28   28   28   28   28  
 28   28   28   28   28   28   28   28   28   28   28   28   28   28   28   28   28   28   28   28  
==================================


==================================
     RECONSTRUCTED SPACE PACKET   
==================================
  Source Virtual Channel (VCID): 1
  Total Packet Size (Bytes)    : 56
----------------------------------
  0   66  192   38    0   49   29   29   29   29   29   29   29   29   29   29   29   29   29   29   29   29   29   29   29   29   29   29   29   29   29   29  
 29   29   29   29   29   29   29   29   29   29   29   29   29   29   29   29   29   29   29   29   29   29   29   29  
==================================


==================================
     RECONSTRUCTED SPACE PACKET   
==================================
  Source Virtual Channel (VCID): 1
  Total Packet Size (Bytes)    : 62
----------------------------------
  0   66  192   41    0   55   30   30   30   30   30   30   30   30   30   30   30   30   30   30   30   30   30   30   30   30   30   30   30   30   30   30  
 30   30   30   30   30   30   30   30   30   30   30   30   30   30   30   30   30   30   30   30   30   30   30   30   30   30   30   30   30   30  
==================================


==================================
     RECONSTRUCTED SPACE PACKET   
==================================
  Source Virtual Channel (VCID): 1
  Total Packet Size (Bytes)    : 59
----------------------------------
  0   66  192   44    0   52   31   31   31   31   31   31   31   31   31   31   31   31   31   31   31   31   31   31   31   31   31   31   31   31   31   31  
 31   31   31   31   31   31   31   31   31   31   31   31   31   31   31   31   31   31   31   31   31   31   31   31   31   31   31  
==================================


==================================
     RECONSTRUCTED SPACE PACKET   
==================================
  Source Virtual Channel (VCID): 2
  Total Packet Size (Bytes)    : 366
----------------------------------
  0   66  192   36    1  103   44   44   44   44   44   44   44   44   44   44   44   44   44   44   44   44   44   44   44   44   44   44   44   44   44   44  
 44   44   44   44   44   44   44   44   44   44   44   44   44   44   44   44   44   44   44   44   44   44   44   44   44   44   44   44   44   44   44   44  
 44   44   44   44   44   44   44   44   44   44   44   44   44   44   44   44   44   44   44   44   44   44   44   44   44   44   44   44   44   44   44   44  
 44   44   44   44   44   44   44   44   44   44   44   44   44   44   44   44   44   44   44   44   44   44   44   44   44   44   44   44   44   44   44   44  
 44   44   44   44   44   44   44   44   44   44   44   44   44   44   44   44   44   44   44   44   44   44   44   44   44   44   44   44   44   44   44   44  
 44   44   44   44   44   44   44   44   44   44   44   44   44   44   44   44   44   44   44   44   44   44   44   44   44   44   44   44   44   44   44   44  
 44   44   44   44   44   44   44   44   44   44   44   44   44   44   44   44   44   44   44   44   44   44   44   44   44   44   44   44   44   44   44   44  
 44   44   44   44   44   44   44   44   44   44   44   44   44   44   44   44   44   44   44   44   44   44   44   44   44   44   44   44   44   44   44   44  
 44   44   44   44   44   44   44   44   44   44   44   44   44   44   44   44   44   44   44   44   44   44   44   44   44   44   44   44   44   44   44   44  
 44   44   44   44   44   44   44   44   44   44   44   44   44   44   44   44   44   44   44   44   44   44   44   44   44   44   44   44   44   44   44   44  
 44   44   44   44   44   44   44   44   44   44   44   44   44   44   44   44   44   44   44   44   44   44   44   44   44   44   44   44   44   44   44   44  
 44   44   44   44   44   44   44   44   44   44   44   44   44   44  
==================================


==================================
     RECONSTRUCTED SPACE PACKET   
==================================
  Source Virtual Channel (VCID): 2
  Total Packet Size (Bytes)    : 194
----------------------------------
  0   66  192   39    0  187   45   45   45   45   45   45   45   45   45   45   45   45   45   45   45   45   45   45   45   45   45   45   45   45   45   45  
 45   45   45   45   45   45   45   45   45   45   45   45   45   45   45   45   45   45   45   45   45   45   45   45   45   45   45   45   45   45   45   45  
 45   45   45   45   45   45   45   45   45   45   45   45   45   45   45   45   45   45   45   45   45   45   45   45   45   45   45   45   45   45   45   45  
 45   45   45   45   45   45   45   45   45   45   45   45   45   45   45   45   45   45   45   45   45   45   45   45   45   45   45   45   45   45   45   45  
 45   45   45   45   45   45   45   45   45   45   45   45   45   45   45   45   45   45   45   45   45   45   45   45   45   45   45   45   45   45   45   45  
 45   45   45   45   45   45   45   45   45   45   45   45   45   45   45   45   45   45   45   45   45   45   45   45   45   45   45   45   45   45   45   45  
 45   45  
==================================


==================================
     RECONSTRUCTED SPACE PACKET   
==================================
  Source Virtual Channel (VCID): 2
  Total Packet Size (Bytes)    : 84
----------------------------------
  0   66  192   42    0   77   46   46   46   46   46   46   46   46   46   46   46   46   46   46   46   46   46   46   46   46   46   46   46   46   46   46  
 46   46   46   46   46   46   46   46   46   46   46   46   46   46   46   46   46   46   46   46   46   46   46   46   46   46   46   46   46   46   46   46  
 46   46   46   46   46   46   46   46   46   46   46   46   46   46   46   46   46   46   46   46  
==================================


==================================
     RECONSTRUCTED SPACE PACKET   
==================================
  Source Virtual Channel (VCID): 2
  Total Packet Size (Bytes)    : 309
----------------------------------
  0   66  192   45    1   46   47   47   47   47   47   47   47   47   47   47   47   47   47   47   47   47   47   47   47   47   47   47   47   47   47   47  
 47   47   47   47   47   47   47   47   47   47   47   47   47   47   47   47   47   47   47   47   47   47   47   47   47   47   47   47   47   47   47   47  
 47   47   47   47   47   47   47   47   47   47   47   47   47   47   47   47   47   47   47   47   47   47   47   47   47   47   47   47   47   47   47   47  
 47   47   47   47   47   47   47   47   47   47   47   47   47   47   47   47   47   47   47   47   47   47   47   47   47   47   47   47   47   47   47   47  
 47   47   47   47   47   47   47   47   47   47   47   47   47   47   47   47   47   47   47   47   47   47   47   47   47   47   47   47   47   47   47   47  
 47   47   47   47   47   47   47   47   47   47   47   47   47   47   47   47   47   47   47   47   47   47   47   47   47   47   47   47   47   47   47   47  
 47   47   47   47   47   47   47   47   47   47   47   47   47   47   47   47   47   47   47   47   47   47   47   47   47   47   47   47   47   47   47   47  
 47   47   47   47   47   47   47   47   47   47   47   47   47   47   47   47   47   47   47   47   47   47   47   47   47   47   47   47   47   47   47   47  
 47   47   47   47   47   47   47   47   47   47   47   47   47   47   47   47   47   47   47   47   47   47   47   47   47   47   47   47   47   47   47   47  
 47   47   47   47   47   47   47   47   47   47   47   47   47   47   47   47   47   47   47   47   47  
==================================
